BPM_IND = [20;
           21;
            9;
            8;
            7;
            6;
            5;
           19;
           18;
           17;
           16;
           15;
           14;
           13;
           12;
           11;
           10;
            4;
            3;
            2;
            1;
           28;
           27;
           26;
           25;
           24;
           23;
           22];
  
BPM_NAME = {'BPMS:LI18:801';
            'BPMS:LI18:901';
            'BPMS:LI19:201';
            'BPMS:LI19:301';
            'BPMS:LI19:401';
            'BPMS:LI19:501';
            'BPMS:LI19:601';    
            'BPMS:LI19:701';
            'BPMS:LI19:801';
            'BPMS:LI19:901';
           'BPMS:LI20:2050';
           'BPMS:LI20:2147';
           'BPMS:LI20:2160';
           'BPMS:LI20:2223';
           'BPMS:LI20:2235';
           'BPMS:LI20:2245';
           'BPMS:LI20:2261';
           'BPMS:LI20:2278';
           'BPMS:LI20:2340';
           'BPMS:LI20:2360';
           'BPMS:LI20:2445';
           'BPMS:LI20:3013';
           'BPMS:LI20:3036';
           'BPMS:LI20:3101';
           'BPMS:LI20:3156';
           'BPMS:LI20:3265';
           'BPMS:LI20:3315';
           'BPMS:LI20:3340'};

BPM_Z = 1.0e+03 * [1.8135;
                   1.8262;
                   1.8411;
                   1.8534;
                   1.8658;
                   1.8781;
                   1.8904;
                   1.9028;
                   1.9151;
                   1.9278;
                   1.9345;
                   1.9428;
                   1.9448;
                   1.9509;
                   1.9520;
                   1.9530;
                   1.9543;
                   1.9555;
                   1.9608;
                   1.9636;
                   1.9719;
                   1.9787;
                   1.9810;
                   1.9859;
                   1.9906;
                   2.0000;
                   2.0050;
                   2.0068];