TORO_IND = [4;
            3;
            2;
            1];
        
TORO_NAME = {'TORO:DR13:40';
           'TORO:LI20:2452';
           'TORO:LI20:3163';
           'TORO:LI20:3255'};
       
TORO_Z = 1.0e+03 * [0.0504;
                    1.9727;
                    1.9912;
                    2.0004];